26400, 26880
29120, 29600
54560, 55680
82720, 83360
101280, 101760
104160, 104800
105600, 106240
108480, 109280
109600, 110080
112640, 113280
140480, 141440
149440, 149920
158880, 159680
166560, 167040
168000, 168480
196000, 196800
197760, 198400
205280, 205760
228000, 228960
253760, 254400
254560, 255040
255200, 255680
273120, 273600
283520, 284800
284960, 286080
293440, 294240
311520, 312000
312160, 312640
320320, 320800
337440, 338720
338880, 339840
365920, 366560
367200, 368480
391680, 392640
393440, 394240
418080, 418880
419520, 420000
420160, 420640
428320, 428800
442720, 443360
444320, 444960
460000, 460640
469280, 469760
470080, 471680
478880, 479360
494880, 495840
496320, 497120
520640, 521120
521280, 522880
530240, 530720
537440, 538080
541920, 542720
543200, 543680
571680, 572160
573120, 573760
581760, 582240
591520, 592000
601440, 602080
626880, 627680
628480, 629120
636000, 636960
655680, 656480
662720, 663360
681600, 682240
688480, 689600
704800, 705280
705440, 706240
728320, 729760
736640, 737440
738080, 738720
761120, 761600
773440, 773920
778720, 779360
803840, 804320
827680, 828160
853760, 854560
860800, 861600
868000, 868480
904320, 904800
927520, 928000
929920, 930400
952800, 953280
953440, 954880
978080, 978720
