127040, 127520
678720, 679200
736480, 736960
739520, 740000
740320, 740800
741600, 742240
744960, 745760
808800, 809280
813440, 814240
859040, 859520
859840, 860320
876000, 876480
880640, 881120
890240, 890880
924160, 924640
925760, 926240
949120, 949760
962400, 963040
963840, 964320
964480, 966240
969280, 969920
972000, 973760
998720, 1002880
1003040, 1005120
1005600, 1006080
1007520, 1008640
1008800, 1009440
1014240, 1015360
1038240, 1041120
1050560, 1051040
1092480, 1093120
1093280, 1094080
1106880, 1109120
1167840, 1168480
1216000, 1216480
1343040, 1344320
1344480, 1345120
1352320, 1352960
1368000, 1368480
1391840, 1392480
1400000, 1400800
1408800, 1410400
1467520, 1468160
1468480, 1468960
1469600, 1470240
1470560, 1472160
1472480, 1473280
1483040, 1484320
1530400, 1532480
1533440, 1534720
1534880, 1535520
1540640, 1541120
1548960, 1549760
1552320, 1554720
1564160, 1564960
1569120, 1569760
1574240, 1574880
