165 168
182 185
341 348
517 521
633 636
651 655
660 664
678 683
685 688
704 708
878 884
934 937
993 998
1041 1044
1050 1053
1225 1230
1236 1240
1283 1286
1425 1431
1586 1590
1591 1594
1595 1598
1707 1710
1772 1780
1781 1788
1834 1839
1947 1950
1951 1954
2002 2005
2109 2117
2118 2124
2287 2291
2295 2303
2448 2454
2459 2464
2613 2618
2622 2625
2626 2629
2677 2680
2767 2771
2777 2781
2875 2879
2933 2936
2938 2948
2993 2996
3093 3099
3102 3107
3254 3257
3258 3268
3314 3317
3359 3363
3387 3392
3395 3398
3573 3576
3582 3586
3636 3639
3697 3700
3759 3763
3918 3923
3928 3932
3975 3981
4098 4103
4142 4146
4260 4264
4303 4310
4405 4408
4409 4414
4552 4561
4604 4609
4613 4617
4757 4760
4834 4837
4867 4871
5024 5027
5173 5176
5336 5341
5380 5385
5425 5428
5652 5655
5797 5800
5812 5815
5955 5958
5959 5968
6113 6117
