794 797
4242 4245
4603 4606
4622 4625
4627 4630
4635 4639
4656 4661
5055 5058
5084 5089
5369 5372
5374 5377
5475 5478
5504 5507
5564 5568
5776 5779
5786 5789
5932 5936
6015 6019
6024 6027
6028 6039
6058 6062
6075 6086
6242 6268
6269 6282
6285 6288
6297 6304
6305 6309
6339 6346
6489 6507
6566 6569
6828 6832
6833 6838
6918 6932
7299 7303
7600 7603
8394 8402
8403 8407
8452 8456
8550 8553
8699 8703
8750 8755
8805 8815
9172 9176
9178 9181
9185 9189
9191 9201
9203 9208
9269 9277
9565 9578
9584 9592
9593 9597
9629 9632
9681 9686
9702 9717
9776 9781
9807 9811
9839 9843
